High Odds Ratio:
extends 19.2410841655 (21, 4907, 1, 4496)
signals 14.6449511401 (16, 4912, 1, 4496)
directing 13.7268471402 (15, 4913, 1, 4496)
insights 13.7268471402 (15, 4913, 1, 4496)
shadow 12.8091168091 (14, 4914, 1, 4496)
2007 12.8091168091 (14, 4914, 1, 4496)
bags 12.8091168091 (14, 4914, 1, 4496)
advertisement 11.8917599186 (13, 4915, 1, 4496)
blocks 11.8917599186 (13, 4915, 1, 4496)
skew 10.9747762408 (12, 4916, 1, 4496)
enhanced 10.9747762408 (12, 4916, 1, 4496)
enlightenment 10.9747762408 (12, 4916, 1, 4496)
well-known 10.9747762408 (12, 4916, 1, 4496)
v 10.0784753363 (22, 4906, 2, 4495)
s. 10.0581655481 (11, 4917, 1, 4496)
apathetic 10.0581655481 (11, 4917, 1, 4496)
vein 10.0581655481 (11, 4917, 1, 4496)
yelling 10.0581655481 (11, 4917, 1, 4496)
preventable 10.0581655481 (11, 4917, 1, 4496)
censor 10.0581655481 (11, 4917, 1, 4496)
*if* 10.0581655481 (11, 4917, 1, 4496)
counteract 10.0581655481 (11, 4917, 1, 4496)
unsustainable 10.0581655481 (11, 4917, 1, 4496)
that’s 10.0581655481 (11, 4917, 1, 4496)
harris 10.0581655481 (11, 4917, 1, 4496)
associations 10.0581655481 (11, 4917, 1, 4496)
conflate 9.14192761285 (10, 4918, 1, 4496)
arose 9.14192761285 (10, 4918, 1, 4496)
upcoming 9.14192761285 (10, 4918, 1, 4496)
digress 9.14192761285 (10, 4918, 1, 4496)
commerce 9.14192761285 (10, 4918, 1, 4496)
e2 9.14192761285 (10, 4918, 1, 4496)
shamed 9.14192761285 (10, 4918, 1, 4496)
literacy 9.14192761285 (10, 4918, 1, 4496)
framing 9.14192761285 (10, 4918, 1, 4496)
listing 9.14192761285 (10, 4918, 1, 4496)
declaration 9.14192761285 (10, 4918, 1, 4496)
unborn 9.14192761285 (10, 4918, 1, 4496)
cured 9.14192761285 (10, 4918, 1, 4496)
intact 9.14192761285 (10, 4918, 1, 4496)
cognizant 9.14192761285 (10, 4918, 1, 4496)
inadequate 9.14192761285 (10, 4918, 1, 4496)
calculation 8.69881849664 (19, 4909, 2, 4495)
perfection 8.69881849664 (19, 4909, 2, 4495)
rationality 8.23930753564 (18, 4910, 2, 4495)
genres 8.23930753564 (18, 4910, 2, 4495)
admirable 8.22606220777 (9, 4919, 1, 4496)
prediction 8.22606220777 (9, 4919, 1, 4496)
dragging 8.22606220777 (9, 4919, 1, 4496)
usable 8.22606220777 (9, 4919, 1, 4496)
interventions 8.22606220777 (9, 4919, 1, 4496)
shaking 8.22606220777 (9, 4919, 1, 4496)
cop-out 8.22606220777 (9, 4919, 1, 4496)
nutritious 8.22606220777 (9, 4919, 1, 4496)
warn 8.22606220777 (9, 4919, 1, 4496)
2005 8.22606220777 (9, 4919, 1, 4496)
mod 8.22606220777 (9, 4919, 1, 4496)
didn’t 8.22606220777 (9, 4919, 1, 4496)
ailments 8.22606220777 (9, 4919, 1, 4496)
tougher 8.22606220777 (9, 4919, 1, 4496)
pipe 8.22606220777 (9, 4919, 1, 4496)
aircraft 8.22606220777 (9, 4919, 1, 4496)
essay 7.77998371004 (17, 4911, 2, 4495)
costly 7.33115823817 (24, 4904, 3, 4494)
calculated 7.32084690554 (16, 4912, 2, 4495)
evening 7.32084690554 (16, 4912, 2, 4495)
chronic 7.32084690554 (16, 4912, 2, 4495)
la 7.32084690554 (16, 4912, 2, 4495)
digit 7.31056910569 (8, 4920, 1, 4496)
complement 7.31056910569 (8, 4920, 1, 4496)
agendas 7.31056910569 (8, 4920, 1, 4496)
proactive 7.31056910569 (8, 4920, 1, 4496)
entrepreneurship 7.31056910569 (8, 4920, 1, 4496)
spoiled 7.31056910569 (8, 4920, 1, 4496)
graduating 7.31056910569 (8, 4920, 1, 4496)
cnn 7.31056910569 (8, 4920, 1, 4496)
rejects 7.31056910569 (8, 4920, 1, 4496)
prestigious 7.31056910569 (8, 4920, 1, 4496)
xy 7.31056910569 (8, 4920, 1, 4496)
congressmen 7.31056910569 (8, 4920, 1, 4496)
**you** 7.31056910569 (8, 4920, 1, 4496)
downward 7.31056910569 (8, 4920, 1, 4496)
outsider 7.31056910569 (8, 4920, 1, 4496)
photoshop 7.31056910569 (8, 4920, 1, 4496)
2/3 7.31056910569 (8, 4920, 1, 4496)
envy 7.31056910569 (8, 4920, 1, 4496)
michigan 7.31056910569 (8, 4920, 1, 4496)
grad 7.31056910569 (8, 4920, 1, 4496)
avid 7.31056910569 (8, 4920, 1, 4496)
taller 7.31056910569 (8, 4920, 1, 4496)
ostracized 7.31056910569 (8, 4920, 1, 4496)
seed 7.31056910569 (8, 4920, 1, 4496)
borrowing 7.31056910569 (8, 4920, 1, 4496)
slur 7.31056910569 (8, 4920, 1, 4496)
exhibits 7.31056910569 (8, 4920, 1, 4496)
^ 7.31056910569 (8, 4920, 1, 4496)
grip 7.31056910569 (8, 4920, 1, 4496)
forty 7.31056910569 (8, 4920, 1, 4496)
hopeless 7.31056910569 (8, 4920, 1, 4496)
clarifying 7.31056910569 (8, 4920, 1, 4496)


Low Odds Ratio:
quiz 0.10121101414 (1, 4927, 9, 4488)
tracking 0.113887761315 (1, 4927, 8, 4489)
profiling 0.113887761315 (1, 4927, 8, 4489)
pedestrians 0.113887761315 (1, 4927, 8, 4489)
hesitate 0.113887761315 (1, 4927, 8, 4489)
sorted 0.130186436255 (1, 4927, 7, 4490)
unused 0.130186436255 (1, 4927, 7, 4490)
packaged 0.130186436255 (1, 4927, 7, 4490)
ps4 0.130186436255 (1, 4927, 7, 4490)
coalition 0.130186436255 (1, 4927, 7, 4490)
advocated 0.130186436255 (1, 4927, 7, 4490)
greeks 0.130186436255 (1, 4927, 7, 4490)
libel 0.130186436255 (1, 4927, 7, 4490)
devalue 0.130186436255 (1, 4927, 7, 4490)
doctorate 0.151918002841 (1, 4927, 6, 4491)
wednesday 0.151918002841 (1, 4927, 6, 4491)
battlefield 0.151918002841 (1, 4927, 6, 4491)
mating 0.151918002841 (1, 4927, 6, 4491)
continuation 0.151918002841 (1, 4927, 6, 4491)
sensations 0.151918002841 (1, 4927, 6, 4491)
ceasing 0.151918002841 (1, 4927, 6, 4491)
reverts 0.151918002841 (1, 4927, 6, 4491)
splits 0.151918002841 (1, 4927, 6, 4491)
identically 0.151918002841 (1, 4927, 6, 4491)
tragically 0.151918002841 (1, 4927, 6, 4491)
samsung 0.151918002841 (1, 4927, 6, 4491)
intimidation 0.151918002841 (1, 4927, 6, 4491)
rivals 0.151918002841 (1, 4927, 6, 4491)
prophet 0.151918002841 (1, 4927, 6, 4491)
grouped 0.151918002841 (1, 4927, 6, 4491)
skating 0.151918002841 (1, 4927, 6, 4491)
considerate 0.151918002841 (1, 4927, 6, 4491)
plumber 0.151918002841 (1, 4927, 6, 4491)
buzzfeed 0.151918002841 (1, 4927, 6, 4491)
all-inclusive 0.151918002841 (1, 4927, 6, 4491)
liars 0.151918002841 (1, 4927, 6, 4491)
bout 0.151918002841 (1, 4927, 6, 4491)
mathematicians 0.151918002841 (1, 4927, 6, 4491)
expressions 0.16557782453 (2, 4926, 11, 4486)
limitation 0.16557782453 (2, 4926, 11, 4486)
woke 0.16557782453 (2, 4926, 11, 4486)
heading 0.182176207877 (2, 4926, 10, 4487)
praised 0.182176207877 (2, 4926, 10, 4487)
specialist 0.182342196063 (1, 4927, 5, 4492)
underprivileged 0.182342196063 (1, 4927, 5, 4492)
irresponsibly 0.182342196063 (1, 4927, 5, 4492)
abstractions 0.182342196063 (1, 4927, 5, 4492)
demeaning 0.182342196063 (1, 4927, 5, 4492)
puzzled 0.182342196063 (1, 4927, 5, 4492)
contradicting 0.182342196063 (1, 4927, 5, 4492)
disobey 0.182342196063 (1, 4927, 5, 4492)
sprint 0.182342196063 (1, 4927, 5, 4492)
fouls 0.182342196063 (1, 4927, 5, 4492)
cto 0.182342196063 (1, 4927, 5, 4492)
eta 0.182342196063 (1, 4927, 5, 4492)
mechanically 0.182342196063 (1, 4927, 5, 4492)
retaliate 0.182342196063 (1, 4927, 5, 4492)
poetic 0.182342196063 (1, 4927, 5, 4492)
*against* 0.182342196063 (1, 4927, 5, 4492)
ruthlessly 0.182342196063 (1, 4927, 5, 4492)
friendlier 0.182342196063 (1, 4927, 5, 4492)
liberating 0.182342196063 (1, 4927, 5, 4492)
tailoring 0.182342196063 (1, 4927, 5, 4492)
piercing 0.182342196063 (1, 4927, 5, 4492)
supplied 0.182342196063 (1, 4927, 5, 4492)
kit 0.182342196063 (1, 4927, 5, 4492)
pandora 0.182342196063 (1, 4927, 5, 4492)
personalized 0.182342196063 (1, 4927, 5, 4492)
tract 0.182342196063 (1, 4927, 5, 4492)
spilled 0.182342196063 (1, 4927, 5, 4492)
casualty 0.182342196063 (1, 4927, 5, 4492)
indiscriminately 0.182342196063 (1, 4927, 5, 4492)
geniuses 0.182342196063 (1, 4927, 5, 4492)
3+ 0.182342196063 (1, 4927, 5, 4492)
ever-changing 0.182342196063 (1, 4927, 5, 4492)
anti-male 0.182342196063 (1, 4927, 5, 4492)
combative 0.182342196063 (1, 4927, 5, 4492)
raids 0.182342196063 (1, 4927, 5, 4492)
multitasking 0.182342196063 (1, 4927, 5, 4492)
injuring 0.182342196063 (1, 4927, 5, 4492)
purest 0.182342196063 (1, 4927, 5, 4492)
hulu 0.182342196063 (1, 4927, 5, 4492)
git 0.182342196063 (1, 4927, 5, 4492)
displacing 0.182342196063 (1, 4927, 5, 4492)
inflection 0.182342196063 (1, 4927, 5, 4492)
injecting 0.182342196063 (1, 4927, 5, 4492)
prince 0.182342196063 (1, 4927, 5, 4492)
poisonous 0.182342196063 (1, 4927, 5, 4492)
theistic 0.182342196063 (1, 4927, 5, 4492)
rodney 0.182342196063 (1, 4927, 5, 4492)
biologist 0.182342196063 (1, 4927, 5, 4492)
insects 0.202463120855 (2, 4926, 9, 4488)
harvesting 0.202463120855 (2, 4926, 9, 4488)
astronomically 0.202463120855 (2, 4926, 9, 4488)
hyper 0.202463120855 (2, 4926, 9, 4488)
rental 0.202463120855 (2, 4926, 9, 4488)
sacrifices 0.227508123477 (4, 4924, 16, 4481)
mall 0.227664974619 (3, 4925, 12, 4485)
anti-gay 0.227664974619 (3, 4925, 12, 4485)
customizable 0.227821762079 (2, 4926, 8, 4489)

